[gd_scene load_steps=10 format=3 uid="uid://drqxadtx316hs"]

[ext_resource type="Script" uid="uid://de1e8utjyqtod" path="res://levels/system-sandbox/system_sandbox.gd" id="1_6wdpo"]
[ext_resource type="PackedScene" uid="uid://rv6ugxi8n8pe" path="res://scenes/planet/testplanet.tscn" id="2_jp7ei"]
[ext_resource type="PackedScene" uid="uid://cpju4tbxmjpwc" path="res://ui/global_chat/global_chat.tscn" id="3_6wdpo"]
[ext_resource type="PackedScene" uid="uid://bmk1yx4q5cewg" path="res://assets/models/CommemorativeBust/commemorativebust.res" id="4_0y0hx"]
[ext_resource type="Script" uid="uid://7pymoxifok1q" path="res://tools/spawn_points/player_spawn_points_list.gd" id="4_y6v83"]
[ext_resource type="Script" uid="uid://3b53gu5cyf58" path="res://tools/spawn_points/player_spawn_point.gd" id="5_0y0hx"]

[sub_resource type="ProceduralSkyMaterial" id="ProceduralSkyMaterial_swxq8"]
sky_horizon_color = Color(0.662243, 0.671743, 0.686743, 1)
ground_horizon_color = Color(0.662243, 0.671743, 0.686743, 1)

[sub_resource type="Sky" id="Sky_gmgav"]
sky_material = SubResource("ProceduralSkyMaterial_swxq8")

[sub_resource type="Environment" id="Environment_jp7ei"]
background_mode = 1
background_color = Color(0.0260417, 0.0260417, 0.0260417, 1)
sky = SubResource("Sky_gmgav")
tonemap_mode = 2

[node name="SystemSandbox" type="Node3D" node_paths=PackedStringArray("spawn_node")]
script = ExtResource("1_6wdpo")
spawn_node = NodePath("Planet")

[node name="DirectionalLight3D" type="DirectionalLight3D" parent="."]
transform = Transform3D(-0.866023, -0.433016, 0.250001, 0, 0.499998, 0.866027, -0.500003, 0.749999, -0.43301, 0, 0, 0)
light_color = Color(1, 0.959123, 0.80835, 1)
shadow_enabled = true
directional_shadow_split_1 = 0.034
directional_shadow_split_2 = 0.105
directional_shadow_max_distance = 300.0

[node name="WorldEnvironment" type="WorldEnvironment" parent="."]
environment = SubResource("Environment_jp7ei")

[node name="Planet" parent="." node_paths=PackedStringArray("sun") instance=ExtResource("2_jp7ei")]
sun = NodePath("../DirectionalLight3D")

[node name="ChrisR_01" parent="Planet" instance=ExtResource("4_0y0hx")]
transform = Transform3D(-0.127888, 0.639145, -0.758379, 0.0284484, 0.766708, 0.641366, 0.991381, 0.0604486, -0.116235, 2011.5, 2607.1, 397.068)

[node name="MultiplayerSpawner" type="MultiplayerSpawner" parent="."]
_spawnable_scenes = PackedStringArray("uid://ccme8rxijtf2s", "uid://xud5xo51ir5r", "uid://d37hc6ybk8fsj", "uid://cptjp55tlikyl")
spawn_path = NodePath("../Planet")

[node name="GlobalChat" parent="." instance=ExtResource("3_6wdpo")]

[node name="PlayerSpawnPointsList" type="Node" parent="."]
script = ExtResource("4_y6v83")
metadata/_custom_type_script = "uid://7pymoxifok1q"

[node name="PlayerSpawnPoint01" type="Marker3D" parent="PlayerSpawnPointsList"]
transform = Transform3D(1, 0, 0, 0, 1, 0, 0, 0, 1, 62.8008, 3309.17, 27.9532)
gizmo_extents = 2.5
script = ExtResource("5_0y0hx")
metadata/_custom_type_script = "uid://3b53gu5cyf58"

[node name="PlayerSpawnPoint02" type="Marker3D" parent="PlayerSpawnPointsList"]
transform = Transform3D(0.9457, 0.32504, 0, -0.32504, 0.9457, 0, 0, 0, 1, 1108.31, 3227.85, -217.684)
gizmo_extents = 2.5
script = ExtResource("5_0y0hx")
metadata/_custom_type_script = "uid://3b53gu5cyf58"

[node name="PlayerSpawnPoint03" type="Marker3D" parent="PlayerSpawnPointsList"]
transform = Transform3D(-0.0823723, 0.571137, -0.816712, -0.0825871, 0.812766, 0.576707, 0.993174, 0.114954, -0.0197809, 2005.76, 2615.11, 396.855)
gizmo_extents = 2.5
script = ExtResource("5_0y0hx")
metadata/_custom_type_script = "uid://3b53gu5cyf58"
