[gd_scene load_steps=9 format=3 uid="uid://drqxadtx316hs"]

[ext_resource type="Script" uid="uid://cj5kd1hkfvjrg" path="res://server/persistance_manager/DataPlanet.gd" id="4_88c12"]

[ext_resource type="Script" uid="uid://de1e8utjyqtod" path="res://levels/system-sandbox/system_sandbox.gd" id="1_6wdpo"]
[ext_resource type="PackedScene" uid="uid://rv6ugxi8n8pe" path="res://scenes/planet/testplanet.tscn" id="2_jp7ei"]
[ext_resource type="PackedScene" uid="uid://cpju4tbxmjpwc" path="res://ui/global_chat/global_chat.tscn" id="3_6wdpo"]
[ext_resource type="PackedScene" uid="uid://bmk1yx4q5cewg" path="res://assets/models/CommemorativeBust/commemorativebust.res" id="4_0y0hx"]
[ext_resource type="Script" uid="uid://3b53gu5cyf58" path="res://tools/spawn_points/player_spawn_point.gd" id="5_0y0hx"]

[sub_resource type="ProceduralSkyMaterial" id="ProceduralSkyMaterial_swxq8"]
sky_horizon_color = Color(0.662243, 0.671743, 0.686743, 1)
ground_horizon_color = Color(0.662243, 0.671743, 0.686743, 1)

[sub_resource type="Sky" id="Sky_gmgav"]
sky_material = SubResource("ProceduralSkyMaterial_swxq8")

[sub_resource type="Environment" id="Environment_jp7ei"]
background_mode = 1
background_color = Color(0.0260417, 0.0260417, 0.0260417, 1)
sky = SubResource("Sky_gmgav")
tonemap_mode = 2

[node name="SystemSandbox" type="Node3D" node_paths=PackedStringArray("spawn_points", "spawn_node")]
script = ExtResource("1_6wdpo")
spawn_node = NodePath("SmallProps")

[node name="DirectionalLight3D" type="DirectionalLight3D" parent="."]
transform = Transform3D(-0.639532, -0.00709252, -0.768731, -0.021679, 0.999727, 0.00881195, 0.768459, 0.022301, -0.639511, -35252.6, 23299.4, -32548.6)
light_color = Color(1, 0.959123, 0.80835, 1)
shadow_enabled = true
directional_shadow_split_1 = 0.034
directional_shadow_split_2 = 0.105
directional_shadow_max_distance = 300.0

[node name="WorldEnvironment" type="WorldEnvironment" parent="."]
environment = SubResource("Environment_jp7ei")

[node name="Planet" parent="." node_paths=PackedStringArray("sun") instance=ExtResource("2_jp7ei")]
sun = NodePath("../DirectionalLight3D")

[node name="PlanetTerrain" parent="Planet" index="3"]
transform = Transform3D(0.00882487, 0, 0.999961, 0, 1, 0, -0.999961, 0, 0.00882487, 0, 0, 0)

[node name="ChrisR_01" parent="Planet/PlanetTerrain" index="0" instance=ExtResource("4_0y0hx")]
transform = Transform3D(-0.97969, -0.135679, -0.147652, -0.136974, 0.990574, -0.0014107, 0.146451, 0.0188424, -0.989038, 71260, 501063, 23224.2)

[node name="PlayerSpawnPointsList" type="Node3D" parent="Planet/PlanetTerrain" index="9"]
transform = Transform3D(0.996346, 0, -0.085417, 0, 1, 0, 0.085417, 0, 0.996346, 0, 0, 0)

[node name="PlayerSpawnPoint01" type="Marker3D" parent="Planet/PlanetTerrain/PlayerSpawnPointsList"]
transform = Transform3D(0.229776, -0.488249, -0.841912, 0.450497, 0.820162, -0.352685, 0.862702, -0.29824, 0.408408, -2644.14, 4909.19, -1255.73)
gizmo_extents = 2.5
script = ExtResource("5_0y0hx")
metadata/_custom_type_script = "uid://3b53gu5cyf58"

[node name="PlayerSpawnPoint02" type="Marker3D" parent="Planet/PlanetTerrain/PlayerSpawnPointsList"]
transform = Transform3D(0.162944, -0.366334, -0.916104, 0, 0.928514, -0.371297, 0.986635, 0.0605008, 0.151296, -2532.84, 4924.2, 1195.17)
gizmo_extents = 2.5
script = ExtResource("5_0y0hx")
metadata/_custom_type_script = "uid://3b53gu5cyf58"

[node name="PlayerSpawnPoint03" type="Marker3D" parent="Planet/PlanetTerrain/PlayerSpawnPointsList"]
transform = Transform3D(0.817928, -0.12295, -0.56203, -2.77556e-17, 0.976898, -0.213706, 0.575321, 0.174796, 0.799031, -748.013, 5403.83, 1686.53)
gizmo_extents = 2.5
script = ExtResource("5_0y0hx")
metadata/_custom_type_script = "uid://3b53gu5cyf58"

[node name="SmallPropsMultiplayerSpawner" type="MultiplayerSpawner" parent="."]
_spawnable_scenes = PackedStringArray("uid://ccme8rxijtf2s", "uid://xud5xo51ir5r", "uid://d37hc6ybk8fsj", "uid://cptjp55tlikyl")
spawn_path = NodePath("../SmallProps")

[node name="SmallProps" type="Node" parent="."]

[node name="Players" type="Node" parent="SmallProps"]

[node name="Props" type="Node" parent="SmallProps"]

[node name="DataPlanet" type="Node" parent="SmallProps"]
script = ExtResource("4_88c12")
metadata/_custom_type_script = "uid://cj5kd1hkfvjrg"

[node name="UniversDatasMultiplayerSpawner" type="MultiplayerSpawner" parent="."]
_spawnable_scenes = PackedStringArray("uid://rv6ugxi8n8pe", "uid://cn1e5bp50weao")
spawn_path = NodePath("..")
